0 0.03515625 0.07568359375 0.05419921875 0.076171875
0 0.09326171875 0.076416015625 0.03564453125 0.07470703125
0 0.2568359375 0.0789794921875 0.05322265625 0.075439453125
0 0.313720703125 0.080810546875 0.037109375 0.0732421875
0 0.4403076171875 0.0704345703125 0.020751953125 0.093994140625
0 0.486083984375 0.0718994140625 0.02197265625 0.093994140625
0 0.6136474609375 0.0775146484375 0.040771484375 0.079833984375
0 0.6715087890625 0.0804443359375 0.052490234375 0.075439453125
0 0.8326416015625 0.080810546875 0.042236328125 0.0791015625
0 0.8885498046875 0.0811767578125 0.052001953125 0.076904296875
0 0.021484375 0.251708984375 0.025390625 0.0673828125
0 0.067626953125 0.250244140625 0.02587890625 0.06298828125
0 0.1007080078125 0.2506103515625 0.025146484375 0.062255859375
0 0.1328125 0.2728271484375 0.02294921875 0.106689453125
0 0.1553955078125 0.2608642578125 0.038330078125 0.121337890625
0 0.2427978515625 0.2513427734375 0.023681640625 0.065185546875
0 0.2891845703125 0.2520751953125 0.023681640625 0.063720703125
0 0.321533203125 0.2509765625 0.0244140625 0.06005859375
0 0.35107421875 0.27197265625 0.02001953125 0.1005859375
0 0.3743896484375 0.2620849609375 0.035400390625 0.120361328125
0 0.578125 0.2720947265625 0.0244140625 0.106689453125
0 0.60693359375 0.2542724609375 0.0244140625 0.072509765625
0 0.6390380859375 0.2529296875 0.026123046875 0.07080078125
0 0.684814453125 0.2542724609375 0.02734375 0.065185546875
0 0.797119140625 0.27392578125 0.02294921875 0.10595703125
0 0.8260498046875 0.25537109375 0.027587890625 0.06298828125
0 0.8582763671875 0.253173828125 0.022216796875 0.064453125
0 0.90234375 0.2520751953125 0.02734375 0.062255859375
0 0.9669189453125 0.2764892578125 0.026611328125 0.112548828125
0 0.196533203125 0.5400390625 0.02587890625 0.11767578125
0 0.2286376953125 0.547607421875 0.025146484375 0.10888671875
0 0.2689208984375 0.560546875 0.039306640625 0.09912109375
0 0.29345703125 0.5594482421875 0.0244140625 0.096923828125
0 0.4013671875 0.561279296875 0.0244140625 0.09619140625
0 0.427978515625 0.5594482421875 0.03759765625 0.092529296875
0 0.4654541015625 0.5557861328125 0.026611328125 0.101318359375
1 0.50390625 0.544677734375 0.04150390625 0.1220703125
1 0.537109375 0.54541015625 0.04150390625 0.1220703125
0 0.5751953125 0.532470703125 0.02587890625 0.140625
0 0.6082763671875 0.5335693359375 0.025146484375 0.148681640625
0 0.6378173828125 0.5450439453125 0.025146484375 0.115478515625
0 0.655029296875 0.5465087890625 0.02294921875 0.119873046875
0 0.6947021484375 0.5457763671875 0.041259765625 0.122802734375
0 0.749755859375 0.546142578125 0.0244140625 0.1220703125
0 0.7813720703125 0.546875 0.023681640625 0.12060546875
0 0.7974853515625 0.5472412109375 0.022216796875 0.121337890625
2 0.8675537109375 0.532470703125 0.101318359375 0.1435546875
0 0.9366455078125 0.535400390625 0.023681640625 0.1494140625
0 0.96728515625 0.5631103515625 0.021484375 0.104248046875
0 0.9847412109375 0.560546875 0.023681640625 0.103515625
0 0.0404052734375 0.7740478515625 0.042236328125 0.151611328125
0 0.1121826171875 0.7977294921875 0.043701171875 0.147216796875
0 0.2301025390625 0.745849609375 0.023681640625 0.08056640625
0 0.3319091796875 0.74072265625 0.042236328125 0.0703125
0 0.3643798828125 0.7396240234375 0.037841796875 0.071044921875
0 0.46728515625 0.7454833984375 0.02294921875 0.073974609375
0 0.57666015625 0.753662109375 0.02587890625 0.09326171875
0 0.6090087890625 0.756591796875 0.023681640625 0.09619140625
0 0.695068359375 0.76806640625 0.0419921875 0.1220703125
3 0.7919921875 0.767333984375 0.04052734375 0.12353515625
2 0.869384765625 0.7569580078125 0.1005859375 0.098388671875
0 0.9384765625 0.755126953125 0.0244140625 0.0947265625
3 0.9769287109375 0.758056640625 0.039306640625 0.09912109375
5 0.7574462890625 0.8519287109375 0.401123046875 0.022705078125
3 0.522216796875 0.7772216796875 0.07275390625 0.141845703125
4 0.3717041015625 0.65576171875 0.052978515625 0.01513671875
4 0.6307373046875 0.6572265625 0.040771484375 0.015625
4 0.96142578125 0.65771484375 0.04052734375 0.015625
4 0.1160888671875 0.1661376953125 0.119873046875 0.012939453125
4 0.233642578125 0.1676025390625 0.04052734375 0.014404296875
4 0.3355712890625 0.1695556640625 0.117431640625 0.016845703125
4 0.5933837890625 0.169921875 0.115966796875 0.01904296875
4 0.6932373046875 0.168701171875 0.041259765625 0.01220703125
4 0.81201171875 0.16845703125 0.11376953125 0.0146484375
4 0.9122314453125 0.1702880859375 0.041259765625 0.015380859375
3 0.08251953125 0.523193359375 0.08935546875 0.1669921875
0 0.148193359375 0.528564453125 0.02685546875 0.15478515625
3 0.3477783203125 0.53125 0.068603515625 0.15576171875
3 0.4644775390625 0.2801513671875 0.093017578125 0.155517578125
2 0.8797607421875 0.324462890625 0.135009765625 0.06396484375
4 0.48388671875 0.69482421875 0.1181640625 0.017578125
2 0.2664794921875 0.322998046875 0.136474609375 0.07177734375
0 0.7730712890625 0.2645263671875 0.037353515625 0.119873046875
