0 0.380615234375 0.33154296875 0.03759765625 0.12353515625
0 0.4669189453125 0.3231201171875 0.023681640625 0.072509765625
0 0.51318359375 0.3245849609375 0.02734375 0.069580078125
0 0.5445556640625 0.32421875 0.025146484375 0.0732421875
0 0.577392578125 0.3431396484375 0.0244140625 0.106689453125
0 0.777587890625 0.3326416015625 0.037109375 0.121337890625
0 0.800048828125 0.3402099609375 0.0244140625 0.121337890625
0 0.8316650390625 0.323486328125 0.023681640625 0.06884765625
0 0.864501953125 0.3289794921875 0.02587890625 0.076904296875
0 0.9100341796875 0.32861328125 0.025146484375 0.07470703125
3 0.0714111328125 0.4954833984375 0.067138671875 0.124267578125
0 0.169921875 0.5050048828125 0.02294921875 0.072509765625
0 0.249755859375 0.528076171875 0.0244140625 0.06494140625
0 0.297119140625 0.528076171875 0.0244140625 0.06787109375
0 0.32958984375 0.5302734375 0.02294921875 0.06494140625
0 0.357666015625 0.5087890625 0.02294921875 0.1064453125
0 0.3822021484375 0.514404296875 0.039306640625 0.12353515625
0 0.46875 0.5291748046875 0.02587890625 0.068603515625
0 0.512451171875 0.5306396484375 0.02587890625 0.071533203125
0 0.5467529296875 0.5322265625 0.023681640625 0.0703125
0 0.7786865234375 0.5191650390625 0.037841796875 0.130126953125
0 0.802734375 0.5106201171875 0.0234375 0.107177734375
0 0.832763671875 0.529541015625 0.0244140625 0.06640625
0 0.865234375 0.5313720703125 0.02587890625 0.064208984375
0 0.9122314453125 0.529541015625 0.023681640625 0.06201171875
2 0.88818359375 0.4637451171875 0.13525390625 0.063720703125
1 0.0577392578125 0.7122802734375 0.036865234375 0.108154296875
1 0.08837890625 0.7119140625 0.0361328125 0.10595703125
0 0.2667236328125 0.69970703125 0.053955078125 0.0888671875
0 0.321044921875 0.7052001953125 0.03857421875 0.085205078125
0 0.3609619140625 0.7440185546875 0.028076171875 0.164306640625
0 0.483154296875 0.698974609375 0.0546875 0.07861328125
0 0.539306640625 0.7015380859375 0.0400390625 0.079345703125
0 0.5784912109375 0.744384765625 0.025146484375 0.16650390625
0 0.6669921875 0.7103271484375 0.021484375 0.099853515625
0 0.713623046875 0.70556640625 0.02294921875 0.1123046875
0 0.802734375 0.742919921875 0.02197265625 0.1650390625
0 0.843017578125 0.7056884765625 0.0390625 0.079833984375
2 0.2725830078125 0.8875732421875 0.136962890625 0.082763671875
2 0.4927978515625 0.8883056640625 0.133056640625 0.082763671875
2 0.8892822265625 0.8040771484375 0.134521484375 0.076904296875
0 0.89697265625 0.7025146484375 0.0537109375 0.078369140625
2 0.8907470703125 0.8912353515625 0.134521484375 0.078369140625
4 0.133544921875 0.6112060546875 0.07177734375 0.014892578125
4 0.24267578125 0.6092529296875 0.03759765625 0.010986328125
4 0.3438720703125 0.61279296875 0.117431640625 0.01806640625
4 0.4608154296875 0.6116943359375 0.040771484375 0.015869140625
4 0.5604248046875 0.61328125 0.118896484375 0.0205078125
4 0.8203125 0.61328125 0.11572265625 0.01416015625
4 0.920654296875 0.61328125 0.04248046875 0.015625
3 0.1551513671875 0.7330322265625 0.086669921875 0.184326171875
3 0.6888427734375 0.5089111328125 0.098388671875 0.148681640625
3 0.689208984375 0.3443603515625 0.09765625 0.147216796875
3 0.6021728515625 0.0887451171875 0.060791015625 0.163818359375
4 0.0537109375 0.236083984375 0.0693359375 0.01416015625
4 0.1319580078125 0.238037109375 0.068603515625 0.01806640625
4 0.2410888671875 0.23876953125 0.040771484375 0.01513671875
4 0.341552734375 0.2379150390625 0.11572265625 0.014892578125
4 0.4576416015625 0.2391357421875 0.040771484375 0.010986328125
4 0.5595703125 0.240234375 0.11572265625 0.0166015625
4 0.8206787109375 0.24072265625 0.121337890625 0.0205078125
4 0.91845703125 0.239990234375 0.041015625 0.01416015625
2 0.8836669921875 0.0489501953125 0.135498046875 0.079345703125
2 0.26904296875 0.0477294921875 0.134765625 0.078857421875
2 0.4876708984375 0.0462646484375 0.136962890625 0.080322265625
2 0.272216796875 0.457763671875 0.134765625 0.0654296875
2 0.4912109375 0.4620361328125 0.13623046875 0.066162109375
0 0.1331787109375 0.526611328125 0.036376953125 0.0693359375
0 0.1632080078125 0.52587890625 0.037841796875 0.0693359375
