3 0.0357666015625 0.094970703125 0.062744140625 0.14111328125
2 0.1109619140625 0.10546875 0.072509765625 0.1220703125
1 0.193603515625 0.12744140625 0.0732421875 0.076171875
2 0.3046875 0.10498046875 0.07421875 0.12451171875
0 0.3828125 0.135498046875 0.0380859375 0.07080078125
0 0.4122314453125 0.134765625 0.037353515625 0.06787109375
3 0.533935546875 0.130859375 0.0380859375 0.0771484375
0 0.6182861328125 0.1290283203125 0.023681640625 0.080810546875
0 0.6556396484375 0.1297607421875 0.040283203125 0.079345703125
0 0.69189453125 0.130859375 0.02001953125 0.080078125
0 0.7227783203125 0.130859375 0.049560546875 0.07861328125
2 0.804443359375 0.1279296875 0.10009765625 0.0771484375
1 0.8814697265625 0.1312255859375 0.034423828125 0.079345703125
2 0.1463623046875 0.3270263671875 0.138916015625 0.125732421875
1 0.046875 0.3258056640625 0.04052734375 0.129638671875
1 0.49658203125 0.323974609375 0.0517578125 0.1181640625
0 0.5732421875 0.3250732421875 0.02197265625 0.117431640625
0 0.6571044921875 0.325927734375 0.035888671875 0.111328125
2 0.806396484375 0.3284912109375 0.09765625 0.119873046875
1 0.883056640625 0.325439453125 0.04052734375 0.11376953125
0 0.1109619140625 0.5670166015625 0.023681640625 0.105224609375
0 0.1414794921875 0.5867919921875 0.022216796875 0.068603515625
0 0.1734619140625 0.5880126953125 0.023681640625 0.072509765625
0 0.2183837890625 0.5882568359375 0.025146484375 0.065673828125
0 0.317626953125 0.5889892578125 0.02685546875 0.065673828125
0 0.363037109375 0.58935546875 0.02294921875 0.06787109375
0 0.3953857421875 0.588623046875 0.023681640625 0.06787109375
0 0.4271240234375 0.5703125 0.019775390625 0.10595703125
0 0.4495849609375 0.5799560546875 0.034423828125 0.128173828125
0 0.537841796875 0.589111328125 0.02587890625 0.0703125
0 0.5809326171875 0.5897216796875 0.025146484375 0.067138671875
0 0.6136474609375 0.5902099609375 0.023681640625 0.066162109375
0 0.641845703125 0.5684814453125 0.0205078125 0.103759765625
0 0.6671142578125 0.5772705078125 0.034423828125 0.124267578125
0 0.8455810546875 0.5791015625 0.035888671875 0.119140625
0 0.870361328125 0.5711669921875 0.02294921875 0.107666015625
0 0.900146484375 0.5928955078125 0.021484375 0.074951171875
0 0.9342041015625 0.588623046875 0.025146484375 0.06787109375
0 0.97607421875 0.588623046875 0.025390625 0.0693359375
0 0.1494140625 0.758056640625 0.03662109375 0.0830078125
0 0.20703125 0.7611083984375 0.0556640625 0.078369140625
0 0.333984375 0.759521484375 0.05029296875 0.07861328125
0 0.3905029296875 0.7607421875 0.041259765625 0.07763671875
0 0.4271240234375 0.805419921875 0.021240234375 0.16552734375
0 0.111328125 0.8018798828125 0.02294921875 0.163330078125
0 0.6468505859375 0.804931640625 0.022705078125 0.16015625
0 0.548828125 0.7607421875 0.052734375 0.083984375
0 0.605712890625 0.763427734375 0.0380859375 0.08154296875
0 0.7342529296875 0.7718505859375 0.020751953125 0.096923828125
0 0.78076171875 0.770263671875 0.02197265625 0.09375
0 0.86962890625 0.8065185546875 0.02294921875 0.166259765625
0 0.90771484375 0.7607421875 0.0380859375 0.07763671875
0 0.9638671875 0.7623291015625 0.0556640625 0.080810546875
2 0.1978759765625 0.8607177734375 0.133544921875 0.079345703125
2 0.1986083984375 0.947265625 0.136474609375 0.08447265625
2 0.33935546875 0.5196533203125 0.1357421875 0.067138671875
2 0.1959228515625 0.5189208984375 0.137451171875 0.070068359375
3 0.3978271484375 0.3284912109375 0.098388671875 0.160888671875
3 0.7178955078125 0.338134765625 0.068603515625 0.1357421875
3 0.0758056640625 0.555419921875 0.049560546875 0.1220703125
0 0.0872802734375 0.5772705078125 0.035888671875 0.118408203125
3 0.0819091796875 0.81982421875 0.058837890625 0.1640625
2 0.3404541015625 0.8629150390625 0.133544921875 0.082275390625
2 0.342041015625 0.9495849609375 0.1396484375 0.083251953125
2 0.55908203125 0.86376953125 0.13427734375 0.08251953125
2 0.5606689453125 0.947265625 0.137451171875 0.07861328125
4 0.12841796875 0.67041015625 0.1181640625 0.0205078125
4 0.228271484375 0.671142578125 0.05126953125 0.01611328125
4 0.3115234375 0.67236328125 0.044921875 0.0166015625
4 0.409912109375 0.6727294921875 0.11669921875 0.017333984375
4 0.5269775390625 0.67236328125 0.042724609375 0.01220703125
4 0.63037109375 0.6734619140625 0.11962890625 0.015869140625
4 0.8870849609375 0.673583984375 0.115966796875 0.017578125
3 0.756591796875 0.5670166015625 0.0947265625 0.154052734375
4 0.443115234375 0.2176513671875 0.13134765625 0.013916015625
4 0.5648193359375 0.219970703125 0.099853515625 0.013671875
4 0.732177734375 0.2176513671875 0.07177734375 0.013916015625
5 0.350341796875 0.02734375 0.3701171875 0.01904296875
5 0.7364501953125 0.029541015625 0.365478515625 0.017578125
2 0.2760009765625 0.3328857421875 0.132568359375 0.137451171875
2 0.55712890625 0.5220947265625 0.13818359375 0.065673828125
