1 0.049560546875 0.07568359375 0.037109375 0.1044921875
1 0.08251953125 0.0740966796875 0.04052734375 0.104248046875
0 0.25830078125 0.0904541015625 0.0576171875 0.082275390625
0 0.314453125 0.0897216796875 0.037109375 0.079345703125
0 0.477294921875 0.0911865234375 0.05615234375 0.079345703125
0 0.5341796875 0.08935546875 0.03857421875 0.07861328125
0 0.6614990234375 0.0838623046875 0.023681640625 0.093994140625
0 0.7066650390625 0.082763671875 0.023681640625 0.0947265625
0 0.83447265625 0.0889892578125 0.0400390625 0.077880859375
0 0.8916015625 0.0908203125 0.0517578125 0.080078125
2 0.5516357421875 0.544677734375 0.104248046875 0.15185546875
2 0.7371826171875 0.543212890625 0.101318359375 0.150390625
0 0.1273193359375 0.262451171875 0.038330078125 0.06494140625
0 0.165283203125 0.2841796875 0.02294921875 0.076171875
0 0.2449951171875 0.2613525390625 0.025146484375 0.065673828125
0 0.2911376953125 0.260986328125 0.027587890625 0.06494140625
0 0.322998046875 0.262451171875 0.0244140625 0.06494140625
0 0.354736328125 0.2802734375 0.0244140625 0.09912109375
0 0.463623046875 0.26318359375 0.02294921875 0.06494140625
0 0.5089111328125 0.262451171875 0.023681640625 0.0634765625
0 0.541259765625 0.2613525390625 0.0244140625 0.062744140625
0 0.5718994140625 0.279541015625 0.023681640625 0.0947265625
0 0.59521484375 0.271728515625 0.03759765625 0.1220703125
0 0.797119140625 0.283203125 0.0244140625 0.10498046875
0 0.8275146484375 0.26513671875 0.022705078125 0.0673828125
0 0.8597412109375 0.260986328125 0.023681640625 0.06640625
0 0.904541015625 0.2677001953125 0.02587890625 0.069580078125
1 0.32177734375 0.576171875 0.04150390625 0.08154296875
1 0.2257080078125 0.5745849609375 0.039794921875 0.076904296875
0 0.126220703125 0.541259765625 0.0244140625 0.14794921875
0 0.405029296875 0.5421142578125 0.02734375 0.143310546875
0 0.6510009765625 0.568359375 0.020751953125 0.08935546875
0 0.6673583984375 0.571044921875 0.023681640625 0.0947265625
0 0.8389892578125 0.5614013671875 0.026611328125 0.115478515625
0 0.8778076171875 0.5703125 0.036376953125 0.0947265625
1 0.9066162109375 0.5750732421875 0.039306640625 0.102783203125
0 0.939208984375 0.5706787109375 0.03759765625 0.093994140625
0 0.9755859375 0.5614013671875 0.02294921875 0.111083984375
0 0.0950927734375 0.7532958984375 0.022705078125 0.086669921875
0 0.12841796875 0.7633056640625 0.02294921875 0.105224609375
0 0.3751220703125 0.7567138671875 0.025146484375 0.076904296875
0 0.4068603515625 0.7645263671875 0.023681640625 0.093994140625
2 0.552001953125 0.7607421875 0.103515625 0.10302734375
0 0.623291015625 0.7618408203125 0.021484375 0.090087890625
3 0.66064453125 0.76220703125 0.0400390625 0.09228515625
2 0.7386474609375 0.76416015625 0.099853515625 0.09765625
0 0.809814453125 0.765625 0.02294921875 0.09326171875
0 0.8397216796875 0.7574462890625 0.023681640625 0.078369140625
0 0.9766845703125 0.75927734375 0.023681640625 0.07763671875
5 0.495361328125 0.85498046875 0.373046875 0.05419921875
