1 0.30126953125 0.4281005859375 0.056640625 0.197021484375
1 0.3343505859375 0.43994140625 0.098388671875 0.2236328125
2 0.448486328125 0.0751953125 0.376953125 0.107421875
2 0.6175537109375 0.08056640625 0.075439453125 0.08447265625
1 0.6845703125 0.0823974609375 0.0419921875 0.080810546875
1 0.7567138671875 0.099609375 0.090087890625 0.0830078125
1 0.7781982421875 0.08203125 0.042724609375 0.0771484375
1 0.8280029296875 0.0831298828125 0.037353515625 0.079345703125
1 0.857421875 0.102783203125 0.0732421875 0.080078125
1 0.03662109375 0.426513671875 0.06103515625 0.1982421875
0 0.41796875 0.4658203125 0.02734375 0.11962890625
1 0.461181640625 0.4456787109375 0.04345703125 0.163330078125
1 0.5206298828125 0.4788818359375 0.058837890625 0.107666015625
1 0.5811767578125 0.4498291015625 0.041259765625 0.157958984375
0 0.62548828125 0.4688720703125 0.02294921875 0.121337890625
1 0.710205078125 0.439453125 0.09912109375 0.21826171875
2 0.767822265625 0.4302978515625 0.11376953125 0.199951171875
1 0.8272705078125 0.4403076171875 0.098388671875 0.221435546875
0 0.9119873046875 0.469970703125 0.023681640625 0.12060546875
0 0.3458251953125 0.6722412109375 0.058837890625 0.082275390625
0 0.35546875 0.7657470703125 0.03662109375 0.086181640625
1 0.4061279296875 0.6904296875 0.045166015625 0.1220703125
2 0.476806640625 0.709228515625 0.083984375 0.15966796875
2 0.5682373046875 0.711181640625 0.079345703125 0.1572265625
1 0.6387939453125 0.6925048828125 0.046630859375 0.119873046875
0 0.6976318359375 0.6688232421875 0.058837890625 0.072509765625
0 0.8150634765625 0.6707763671875 0.061767578125 0.080810546875
0 0.8319091796875 0.6634521484375 0.093994140625 0.104736328125
1 0.906982421875 0.6920166015625 0.04736328125 0.117431640625
6 0.1693115234375 0.425048828125 0.178466796875 0.22265625
6 0.1627197265625 0.716064453125 0.270751953125 0.19775390625
6 0.1654052734375 0.0894775390625 0.178466796875 0.131103515625
5 0.283935546875 0.2005615234375 0.2236328125 0.025146484375
5 0.523193359375 0.2054443359375 0.2197265625 0.026123046875
5 0.7958984375 0.2012939453125 0.296875 0.025146484375
5 0.165771484375 0.265380859375 0.2294921875 0.0283203125
5 0.4068603515625 0.266357421875 0.223388671875 0.0244140625
5 0.64599609375 0.26611328125 0.22265625 0.02197265625
5 0.325927734375 0.86767578125 0.2236328125 0.02880859375
5 0.5648193359375 0.8673095703125 0.221923828125 0.028076171875
5 0.8046875 0.870361328125 0.22119140625 0.02978515625
0 0.6917724609375 0.767822265625 0.044189453125 0.08544921875
2 0.966064453125 0.4598388671875 0.06787109375 0.147216796875
2 0.9691162109375 0.718505859375 0.061767578125 0.169921875
