6 0.160400390625 0.3232421875 0.21435546875 0.142578125
6 0.162353515625 0.119873046875 0.23046875 0.1005859375
6 0.1605224609375 0.0360107421875 0.244873046875 0.044189453125
6 0.430908203125 0.0279541015625 0.18017578125 0.022216796875
3 0.3199462890625 0.0897216796875 0.071044921875 0.142822265625
1 0.38134765625 0.121337890625 0.04736328125 0.083984375
0 0.4202880859375 0.1236572265625 0.026123046875 0.082275390625
3 0.462646484375 0.107666015625 0.0390625 0.1142578125
3 0.624755859375 0.0927734375 0.07177734375 0.14111328125
0 0.56982421875 0.125244140625 0.0244140625 0.07470703125
3 0.70556640625 0.093505859375 0.07177734375 0.13818359375
3 0.788818359375 0.0927734375 0.08544921875 0.13818359375
1 0.8726806640625 0.126708984375 0.065673828125 0.0703125
3 0.9444580078125 0.0924072265625 0.076416015625 0.143310546875
1 0.0220947265625 0.320068359375 0.041259765625 0.1181640625
1 0.3023681640625 0.32470703125 0.038818359375 0.11962890625
1 0.3348388671875 0.32470703125 0.038330078125 0.12109375
1 0.3817138671875 0.32666015625 0.038818359375 0.1220703125
0 0.42333984375 0.3216552734375 0.02734375 0.113525390625
0 0.4549560546875 0.3223876953125 0.028076171875 0.112060546875
0 0.4732666015625 0.3216552734375 0.023681640625 0.112060546875
0 0.5057373046875 0.302978515625 0.026123046875 0.111328125
0 0.529296875 0.302978515625 0.0380859375 0.11279296875
0 0.5396728515625 0.3128662109375 0.026611328125 0.094482421875
0 0.5709228515625 0.3194580078125 0.023681640625 0.109130859375
1 0.6083984375 0.3277587890625 0.0419921875 0.121337890625
1 0.640869140625 0.3277587890625 0.03662109375 0.121337890625
1 0.6881103515625 0.3270263671875 0.039794921875 0.121337890625
1 0.720947265625 0.328857421875 0.03662109375 0.12353515625
1 0.7666015625 0.3277587890625 0.03955078125 0.118408203125
1 0.806640625 0.3250732421875 0.052734375 0.123779296875
1 0.8714599609375 0.3128662109375 0.061767578125 0.093017578125
1 0.9290771484375 0.3284912109375 0.041259765625 0.119873046875
1 0.962646484375 0.327392578125 0.0380859375 0.119140625
3 0.0758056640625 0.5535888671875 0.068115234375 0.127197265625
0 0.13525390625 0.58251953125 0.04052734375 0.0693359375
0 0.1673583984375 0.5828857421875 0.035888671875 0.067138671875
0 0.1734619140625 0.5609130859375 0.025146484375 0.068603515625
0 0.253173828125 0.58447265625 0.02587890625 0.0625
2 0.2734375 0.5166015625 0.13818359375 0.06103515625
0 0.333251953125 0.58447265625 0.0244140625 0.0654296875
0 0.3626708984375 0.5654296875 0.020751953125 0.10205078125
0 0.3878173828125 0.5753173828125 0.034423828125 0.118896484375
3 0.39501953125 0.5582275390625 0.0517578125 0.121337890625
2 0.4954833984375 0.5169677734375 0.132080078125 0.069580078125
0 0.473388671875 0.585205078125 0.02978515625 0.0595703125
0 0.5172119140625 0.5859375 0.021240234375 0.06103515625
0 0.550048828125 0.585693359375 0.02587890625 0.06494140625
0 0.580810546875 0.5672607421875 0.0205078125 0.107666015625
0 0.605712890625 0.574462890625 0.03662109375 0.1220703125
3 0.610595703125 0.557373046875 0.0556640625 0.1181640625
3 0.6942138671875 0.5631103515625 0.094482421875 0.151123046875
3 0.7728271484375 0.558837890625 0.053466796875 0.11669921875
0 0.78271484375 0.57568359375 0.03515625 0.1181640625
0 0.8074951171875 0.5672607421875 0.025146484375 0.099853515625
0 0.83447265625 0.585205078125 0.02587890625 0.0625
0 0.8692626953125 0.587158203125 0.023681640625 0.06640625
2 0.892578125 0.5166015625 0.1357421875 0.0654296875
0 0.9154052734375 0.587890625 0.022705078125 0.06494140625
1 0.05859375 0.7672119140625 0.03955078125 0.102783203125
1 0.092529296875 0.7679443359375 0.04052734375 0.106201171875
3 0.160888671875 0.7882080078125 0.08251953125 0.186279296875
0 0.26806640625 0.7557373046875 0.05419921875 0.075439453125
0 0.324951171875 0.7557373046875 0.0380859375 0.075439453125
0 0.361572265625 0.7991943359375 0.02587890625 0.160888671875
2 0.2786865234375 0.8599853515625 0.133544921875 0.077880859375
3 0.394775390625 0.8199462890625 0.05712890625 0.159423828125
0 0.4874267578125 0.756591796875 0.050537109375 0.080078125
0 0.5416259765625 0.758056640625 0.039794921875 0.0771484375
0 0.5816650390625 0.7999267578125 0.023681640625 0.159423828125
3 0.611328125 0.8160400390625 0.05712890625 0.155029296875
0 0.67138671875 0.766845703125 0.0244140625 0.0947265625
0 0.7181396484375 0.7672119140625 0.022216796875 0.095458984375
0 0.6785888671875 0.7908935546875 0.037353515625 0.096923828125
0 0.7105712890625 0.791259765625 0.038818359375 0.09765625
3 0.7803955078125 0.81787109375 0.062744140625 0.16015625
0 0.80712890625 0.8018798828125 0.02587890625 0.161865234375
0 0.84521484375 0.756103515625 0.03662109375 0.0732421875
0 0.9017333984375 0.7584228515625 0.052001953125 0.077880859375
2 0.893310546875 0.862548828125 0.1328125 0.0771484375
2 0.8929443359375 0.94580078125 0.135009765625 0.0771484375
2 0.497314453125 0.9437255859375 0.1328125 0.079345703125
2 0.2783203125 0.9434814453125 0.1328125 0.076904296875
4 0.136474609375 0.6658935546875 0.0732421875 0.012939453125
4 0.2454833984375 0.666259765625 0.039794921875 0.01220703125
4 0.348388671875 0.666259765625 0.12060546875 0.02001953125
4 0.4644775390625 0.6666259765625 0.042724609375 0.012939453125
4 0.5655517578125 0.6693115234375 0.118408203125 0.013916015625
4 0.8233642578125 0.667724609375 0.119873046875 0.01513671875
4 0.9248046875 0.668212890625 0.04052734375 0.01611328125
4 0.85009765625 0.1767578125 0.17333984375 0.01611328125
4 0.4320068359375 0.212646484375 0.075439453125 0.01611328125
4 0.50341796875 0.21337890625 0.0595703125 0.017578125
4 0.887939453125 0.2161865234375 0.21826171875 0.016845703125
