0 0.0552978515625 0.09814453125 0.023681640625 0.1640625
0 0.0880126953125 0.1011962890625 0.022216796875 0.167236328125
0 0.1295166015625 0.140869140625 0.041259765625 0.07861328125
0 0.1856689453125 0.1439208984375 0.053955078125 0.076904296875
0 0.2799072265625 0.092529296875 0.026123046875 0.1845703125
3 0.3294677734375 0.100830078125 0.057861328125 0.1708984375
0 0.498046875 0.1175537109375 0.03955078125 0.100830078125
1 0.5811767578125 0.1256103515625 0.041259765625 0.125732421875
0 0.513427734375 0.1446533203125 0.03662109375 0.118408203125
0 0.5472412109375 0.1427001953125 0.037353515625 0.117431640625
0 0.7220458984375 0.138916015625 0.023681640625 0.09765625
0 0.7403564453125 0.1358642578125 0.023681640625 0.095947265625
0 0.7685546875 0.137451171875 0.02197265625 0.09619140625
0 0.784912109375 0.13818359375 0.021484375 0.09912109375
3 0.82275390625 0.11181640625 0.0419921875 0.1533203125
0 0.875 0.1309814453125 0.02294921875 0.110595703125
0 0.9139404296875 0.1328125 0.039794921875 0.1083984375
1 0.957763671875 0.1331787109375 0.0341796875 0.107666015625
0 0.0567626953125 0.3365478515625 0.026611328125 0.105224609375
0 0.08984375 0.334716796875 0.0244140625 0.10302734375
0 0.1199951171875 0.3182373046875 0.025146484375 0.071533203125
0 0.1536865234375 0.313232421875 0.023681640625 0.06640625
0 0.200927734375 0.3167724609375 0.0234375 0.065673828125
0 0.2818603515625 0.3365478515625 0.023681640625 0.100830078125
0 0.3138427734375 0.322021484375 0.026611328125 0.06884765625
0 0.3367919921875 0.3182373046875 0.035888671875 0.079345703125
0 0.588134765625 0.3480224609375 0.02587890625 0.125244140625
3 0.7301025390625 0.332275390625 0.042724609375 0.10302734375
3 0.778076171875 0.3323974609375 0.03662109375 0.095458984375
0 0.832275390625 0.3212890625 0.0244140625 0.0703125
3 0.968017578125 0.49560546875 0.06396484375 0.123046875
3 0.967529296875 0.3392333984375 0.06494140625 0.145751953125
3 0.891357421875 0.35791015625 0.08154296875 0.14208984375
1 0.8780517578125 0.509765625 0.054931640625 0.0947265625
0 0.8326416015625 0.52392578125 0.023681640625 0.06640625
3 0.7796630859375 0.5081787109375 0.039794921875 0.095947265625
3 0.732666015625 0.5093994140625 0.0419921875 0.095458984375
0 0.590087890625 0.496337890625 0.0283203125 0.11962890625
0 0.2822265625 0.4986572265625 0.02734375 0.096923828125
0 0.2020263671875 0.5216064453125 0.021240234375 0.061767578125
0 0.155517578125 0.5223388671875 0.02294921875 0.063232421875
0 0.1224365234375 0.52197265625 0.025146484375 0.0625
0 0.0880126953125 0.5020751953125 0.025146484375 0.103759765625
0 0.0567626953125 0.5013427734375 0.026611328125 0.103759765625
0 0.060546875 0.7379150390625 0.025390625 0.163330078125
0 0.0914306640625 0.737060546875 0.022705078125 0.16162109375
0 0.1307373046875 0.691650390625 0.037353515625 0.0830078125
0 0.1890869140625 0.69775390625 0.052001953125 0.0830078125
0 0.2818603515625 0.7449951171875 0.026611328125 0.182373046875
2 0.1890869140625 0.798828125 0.148193359375 0.0869140625
3 0.33056640625 0.739013671875 0.0556640625 0.16259765625
0 0.501220703125 0.726806640625 0.0380859375 0.1044921875
0 0.517578125 0.6943359375 0.04345703125 0.1142578125
0 0.5499267578125 0.695556640625 0.033447265625 0.11376953125
1 0.5831298828125 0.71875 0.040283203125 0.125
0 0.725830078125 0.707275390625 0.02197265625 0.1005859375
0 0.741455078125 0.709228515625 0.02294921875 0.1044921875
0 0.7701416015625 0.707275390625 0.023681640625 0.09765625
0 0.7884521484375 0.7076416015625 0.022216796875 0.095458984375
3 0.8265380859375 0.7347412109375 0.041748046875 0.149658203125
1 0.879150390625 0.7442626953125 0.05126953125 0.171630859375
1 0.9593505859375 0.7095947265625 0.037353515625 0.106689453125
2 0.1883544921875 0.884033203125 0.148193359375 0.080078125
6 0.413330078125 0.43994140625 0.0869140625 0.2509765625
6 0.4117431640625 0.0982666015625 0.090087890625 0.196044921875
6 0.6539306640625 0.097900390625 0.084716796875 0.19384765625
6 0.6605224609375 0.4407958984375 0.082275390625 0.254150390625
4 0.123779296875 0.604736328125 0.12109375 0.01904296875
4 0.2122802734375 0.6063232421875 0.040283203125 0.015869140625
4 0.29052734375 0.60595703125 0.0703125 0.013671875
4 0.5589599609375 0.6082763671875 0.093017578125 0.015380859375
4 0.7874755859375 0.6075439453125 0.119873046875 0.015380859375
4 0.119140625 0.23291015625 0.1259765625 0.01513671875
4 0.207763671875 0.23291015625 0.04052734375 0.0107421875
4 0.2877197265625 0.234375 0.072509765625 0.01513671875
4 0.55712890625 0.234375 0.09228515625 0.01513671875
4 0.78564453125 0.236328125 0.119140625 0.01904296875
4 0.9595947265625 0.2327880859375 0.068603515625 0.018310546875
4 0.4151611328125 0.778076171875 0.084716796875 0.150390625
3 0.523193359375 0.338623046875 0.0869140625 0.142578125
3 0.523193359375 0.5052490234375 0.083984375 0.140380859375
0 0.314208984375 0.5181884765625 0.0244140625 0.068603515625
0 0.3416748046875 0.5205078125 0.042724609375 0.07177734375
2 0.189453125 0.4530029296875 0.15478515625 0.063232421875
2 0.18896484375 0.384765625 0.15576171875 0.06396484375
2 0.182861328125 0.0406494140625 0.1494140625 0.077880859375
