0 0.93115234375 0.250244140625 0.02294921875 0.0703125
0 0.9759521484375 0.250244140625 0.026611328125 0.064453125
0 0.9444580078125 0.077880859375 0.056884765625 0.0791015625
6 0.77685546875 0.27392578125 0.10205078125 0.1943359375
0 0.8790283203125 0.5457763671875 0.026611328125 0.112548828125
0 0.9093017578125 0.5291748046875 0.022216796875 0.145751953125
0 0.7982177734375 0.5450439453125 0.025146484375 0.114013671875
0 0.7406005859375 0.737060546875 0.039794921875 0.0673828125
0 0.7657470703125 0.7392578125 0.025146484375 0.07470703125
0 0.87939453125 0.74072265625 0.02294921875 0.0849609375
0 0.95068359375 0.7744140625 0.03857421875 0.14794921875
6 0.6490478515625 0.3607177734375 0.125244140625 0.374755859375
6 0.638427734375 0.7440185546875 0.09765625 0.375244140625
1 0.47900390625 0.57470703125 0.03662109375 0.23974609375
1 0.43310546875 0.5731201171875 0.03662109375 0.238037109375
1 0.4359130859375 0.8367919921875 0.037353515625 0.240478515625
1 0.4793701171875 0.8367919921875 0.035888671875 0.234130859375
1 0.4327392578125 0.3114013671875 0.035888671875 0.239501953125
1 0.4765625 0.31298828125 0.03515625 0.24267578125
0 0.79931640625 0.7437744140625 0.0244140625 0.086181640625
3 0.833251953125 0.7626953125 0.05712890625 0.12744140625
3 0.75048828125 0.5296630859375 0.05810546875 0.155517578125
0 0.9759521484375 0.7738037109375 0.025146484375 0.154052734375
3 0.9656982421875 0.524658203125 0.042724609375 0.1669921875
0 0.308837890625 0.7628173828125 0.17236328125 0.025146484375
0 0.3106689453125 0.7974853515625 0.174560546875 0.026123046875
0 0.308349609375 0.8623046875 0.1748046875 0.0244140625
0 0.308837890625 0.894287109375 0.17236328125 0.0244140625
0 0.3118896484375 0.666259765625 0.167724609375 0.02587890625
