2 0.1905517578125 0.052734375 0.135498046875 0.0791015625
2 0.3341064453125 0.052734375 0.135498046875 0.08349609375
0 0.420654296875 0.1103515625 0.021484375 0.16650390625
2 0.5504150390625 0.0501708984375 0.135986328125 0.084228515625
0 0.637451171875 0.113037109375 0.02294921875 0.16552734375
0 0.864501953125 0.114501953125 0.0244140625 0.1640625
0 0.9014892578125 0.1558837890625 0.039306640625 0.078369140625
0 0.9595947265625 0.156982421875 0.053466796875 0.0791015625
0 0.0814208984375 0.33837890625 0.039794921875 0.12353515625
0 0.10546875 0.3460693359375 0.02587890625 0.114013671875
0 0.136474609375 0.3267822265625 0.0244140625 0.065185546875
0 0.16796875 0.323486328125 0.0234375 0.06884765625
0 0.215576171875 0.3267822265625 0.0244140625 0.068115234375
0 0.3121337890625 0.3275146484375 0.023681640625 0.073974609375
0 0.35986328125 0.327880859375 0.02587890625 0.06591796875
0 0.39111328125 0.3267822265625 0.0244140625 0.066650390625
0 0.4224853515625 0.34716796875 0.025146484375 0.10302734375
0 0.530029296875 0.3282470703125 0.02734375 0.065185546875
0 0.57666015625 0.3297119140625 0.02587890625 0.065185546875
0 0.6090087890625 0.3275146484375 0.022216796875 0.062255859375
0 0.6400146484375 0.347900390625 0.020751953125 0.1015625
0 0.8411865234375 0.3431396484375 0.036865234375 0.124267578125
0 0.894775390625 0.329345703125 0.02294921875 0.064453125
0 0.9263916015625 0.3304443359375 0.025146484375 0.068115234375
0 0.972412109375 0.3309326171875 0.0244140625 0.064208984375
2 0.191650390625 0.468505859375 0.134765625 0.0732421875
2 0.336669921875 0.468505859375 0.134765625 0.0703125
0 0.4232177734375 0.5098876953125 0.020751953125 0.101318359375
0 0.0821533203125 0.5184326171875 0.038330078125 0.127197265625
0 0.10546875 0.513671875 0.02294921875 0.10888671875
0 0.135009765625 0.53173828125 0.02587890625 0.06201171875
0 0.1702880859375 0.5335693359375 0.025146484375 0.059814453125
0 0.215576171875 0.532470703125 0.02587890625 0.06494140625
0 0.314453125 0.5335693359375 0.025390625 0.065673828125
0 0.3594970703125 0.5362548828125 0.023681640625 0.066650390625
0 0.392578125 0.5347900390625 0.0244140625 0.065185546875
2 0.55419921875 0.4637451171875 0.134765625 0.068115234375
0 0.53076171875 0.534423828125 0.02587890625 0.0673828125
0 0.5770263671875 0.531005859375 0.022216796875 0.06494140625
0 0.7294921875 0.146240234375 0.02197265625 0.09326171875
0 0.774169921875 0.14697265625 0.02294921875 0.09326171875
0 0.6400146484375 0.513671875 0.022216796875 0.107421875
0 0.6640625 0.5224609375 0.03759765625 0.1220703125
0 0.843017578125 0.526123046875 0.0361328125 0.1220703125
0 0.8663330078125 0.51513671875 0.022216796875 0.1044921875
0 0.896240234375 0.537353515625 0.02294921875 0.0732421875
0 0.9293212890625 0.5347900390625 0.026611328125 0.065185546875
0 0.9744873046875 0.5335693359375 0.023681640625 0.064208984375
0 0.10693359375 0.7467041015625 0.0244140625 0.161865234375
0 0.146484375 0.703369140625 0.0400390625 0.080078125
0 0.2020263671875 0.70751953125 0.054931640625 0.08349609375
0 0.3299560546875 0.70703125 0.056396484375 0.0859375
2 0.1956787109375 0.8062744140625 0.135498046875 0.079833984375
2 0.1949462890625 0.892822265625 0.135498046875 0.08154296875
2 0.3388671875 0.80810546875 0.134765625 0.08349609375
2 0.33740234375 0.891357421875 0.13623046875 0.08447265625
2 0.5560302734375 0.8092041015625 0.134033203125 0.076904296875
2 0.5567626953125 0.894287109375 0.135498046875 0.0888671875
0 0.3858642578125 0.7071533203125 0.039306640625 0.081298828125
0 0.4228515625 0.7489013671875 0.0244140625 0.161865234375
0 0.547119140625 0.7064208984375 0.05419921875 0.076904296875
0 0.6015625 0.7060546875 0.04150390625 0.07763671875
0 0.641845703125 0.749267578125 0.02001953125 0.1611328125
0 0.7310791015625 0.7178955078125 0.022216796875 0.093994140625
0 0.7763671875 0.717529296875 0.021484375 0.1005859375
0 0.86669921875 0.74853515625 0.021484375 0.1669921875
0 0.9058837890625 0.7108154296875 0.039306640625 0.085693359375
0 0.9603271484375 0.706787109375 0.054931640625 0.076171875
3 0.7520751953125 0.348388671875 0.095947265625 0.15185546875
2 0.753173828125 0.514404296875 0.09521484375 0.1494140625
4 0.12109375 0.2431640625 0.12060546875 0.01611328125
4 0.225341796875 0.2432861328125 0.0419921875 0.012939453125
4 0.302978515625 0.2432861328125 0.0419921875 0.012939453125
4 0.40380859375 0.2442626953125 0.11669921875 0.016845703125
4 0.5224609375 0.2440185546875 0.0380859375 0.014404296875
4 0.62548828125 0.2451171875 0.12060546875 0.01513671875
4 0.8822021484375 0.24658203125 0.119873046875 0.01220703125
4 0.980224609375 0.244384765625 0.03955078125 0.013671875
4 0.123779296875 0.6158447265625 0.11962890625 0.015380859375
4 0.2239990234375 0.6156005859375 0.038818359375 0.011474609375
4 0.305419921875 0.6158447265625 0.0390625 0.014404296875
4 0.4072265625 0.616455078125 0.11572265625 0.01708984375
4 0.525146484375 0.6170654296875 0.0390625 0.014404296875
4 0.6246337890625 0.6170654296875 0.117919921875 0.015869140625
4 0.8829345703125 0.6181640625 0.114990234375 0.01220703125
4 0.9827880859375 0.617919921875 0.034423828125 0.017578125
