0 0.12353515625 0.083740234375 0.03857421875 0.07470703125
0 0.18017578125 0.0826416015625 0.052734375 0.076904296875
0 0.3707275390625 0.0748291015625 0.023681640625 0.092529296875
0 0.4132080078125 0.0855712890625 0.040771484375 0.112548828125
1 0.4468994140625 0.075927734375 0.039794921875 0.0947265625
0 0.49267578125 0.058349609375 0.0400390625 0.09765625
0 0.5108642578125 0.08447265625 0.039306640625 0.1162109375
0 0.5430908203125 0.0841064453125 0.039794921875 0.118408203125
1 0.5767822265625 0.0633544921875 0.043701171875 0.122802734375
0 0.7176513671875 0.0782470703125 0.026611328125 0.095947265625
0 0.73583984375 0.07861328125 0.0244140625 0.0966796875
0 0.763916015625 0.076416015625 0.02294921875 0.09228515625
0 0.781005859375 0.077880859375 0.02587890625 0.09228515625
0 0.8707275390625 0.0697021484375 0.022216796875 0.107177734375
0 0.9078369140625 0.0704345703125 0.038330078125 0.105712890625
1 0.9521484375 0.07373046875 0.03857421875 0.10498046875
0 0.0526123046875 0.277587890625 0.029541015625 0.10888671875
0 0.0850830078125 0.2750244140625 0.026611328125 0.105224609375
0 0.11572265625 0.254638671875 0.02587890625 0.064453125
0 0.1510009765625 0.25390625 0.023681640625 0.064453125
0 0.1961669921875 0.256103515625 0.028076171875 0.0673828125
0 0.277099609375 0.2777099609375 0.02587890625 0.099853515625
0 0.30810546875 0.2628173828125 0.02294921875 0.070068359375
0 0.332275390625 0.26171875 0.03857421875 0.072265625
0 0.5841064453125 0.2879638671875 0.027587890625 0.126708984375
3 0.727294921875 0.276123046875 0.04150390625 0.10302734375
2 0.139892578125 0.535400390625 0.103515625 0.146484375
0 0.2119140625 0.533935546875 0.02294921875 0.1435546875
0 0.3795166015625 0.553955078125 0.023681640625 0.11083984375
1 0.30859375 0.5638427734375 0.03857421875 0.102783203125
0 0.341796875 0.5616455078125 0.0400390625 0.099853515625
0 0.2412109375 0.5528564453125 0.02197265625 0.108642578125
2 0.48095703125 0.5357666015625 0.103515625 0.148681640625
0 0.5511474609375 0.5638427734375 0.022216796875 0.096923828125
0 0.5675048828125 0.5634765625 0.020751953125 0.09765625
0 0.5955810546875 0.5379638671875 0.023681640625 0.145751953125
2 0.6680908203125 0.536865234375 0.102294921875 0.146484375
1 0.8511962890625 0.5731201171875 0.039306640625 0.081298828125
1 0.94482421875 0.573486328125 0.0400390625 0.08056640625
0 0.0230712890625 0.755859375 0.023681640625 0.091796875
3 0.06298828125 0.756591796875 0.0400390625 0.09619140625
2 0.14208984375 0.7569580078125 0.10205078125 0.095458984375
0 0.21044921875 0.7562255859375 0.0244140625 0.095458984375
0 0.2423095703125 0.749267578125 0.021240234375 0.08154296875
0 0.379150390625 0.7510986328125 0.0244140625 0.080810546875
0 0.41015625 0.7598876953125 0.0244140625 0.095458984375
2 0.4820556640625 0.7576904296875 0.101318359375 0.098388671875
3 0.56005859375 0.7606201171875 0.037109375 0.098388671875
2 0.667724609375 0.7591552734375 0.10302734375 0.093994140625
4 0.1171875 0.1707763671875 0.1220703125 0.012939453125
4 0.2047119140625 0.172607421875 0.038818359375 0.0107421875
4 0.284423828125 0.172607421875 0.0732421875 0.0166015625
4 0.430908203125 0.173828125 0.0732421875 0.017578125
4 0.5521240234375 0.1741943359375 0.090087890625 0.015380859375
4 0.781494140625 0.17529296875 0.11669921875 0.0146484375
4 0.955322265625 0.1749267578125 0.0693359375 0.018310546875
6 0.6510009765625 0.2919921875 0.084716796875 0.1533203125
3 0.3946533203125 0.282958984375 0.072509765625 0.15185546875
0 0.4556884765625 0.275634765625 0.025146484375 0.10205078125
6 0.7689208984375 0.594970703125 0.090087890625 0.05419921875
5 0.774169921875 0.4976806640625 0.041015625 0.106689453125
4 0.8978271484375 0.7032470703125 0.167724609375 0.019287109375
4 0.2720947265625 0.6597900390625 0.054931640625 0.012939453125
4 0.3499755859375 0.6597900390625 0.056396484375 0.015869140625
4 0.5736083984375 0.66162109375 0.042724609375 0.013671875
4 0.0458984375 0.6585693359375 0.04345703125 0.015380859375
3 0.7738037109375 0.272216796875 0.038818359375 0.09228515625
0 0.8291015625 0.2618408203125 0.02294921875 0.070068359375
3 0.8863525390625 0.295166015625 0.080810546875 0.1396484375
3 0.967529296875 0.2855224609375 0.06494140625 0.128173828125
0 0.0704345703125 0.56103515625 0.022216796875 0.09619140625
0 0.05126953125 0.5601806640625 0.02685546875 0.099365234375
0 0.0234375 0.5362548828125 0.02587890625 0.145751953125
