2 0.1158447265625 0.1103515625 0.129638671875 0.0830078125
0 0.208251953125 0.1103515625 0.03515625 0.07568359375
0 0.239501953125 0.1129150390625 0.0380859375 0.080810546875
1 0.485107421875 0.1134033203125 0.03955078125 0.081787109375
2 0.562255859375 0.11376953125 0.09619140625 0.0810546875
0 0.643798828125 0.1160888671875 0.0517578125 0.076416015625
0 0.6759033203125 0.116455078125 0.021240234375 0.0771484375
0 0.7132568359375 0.1171875 0.033447265625 0.07861328125
0 0.7506103515625 0.114501953125 0.022705078125 0.0732421875
0 0.7960205078125 0.123779296875 0.023681640625 0.091796875
3 0.8353271484375 0.116455078125 0.038330078125 0.07568359375
1 0.8883056640625 0.1148681640625 0.051025390625 0.075439453125
0 0.952880859375 0.12060546875 0.03515625 0.07177734375
0 0.98291015625 0.1182861328125 0.0341796875 0.068603515625
2 0.11279296875 0.3116455078125 0.13427734375 0.122802734375
3 0.22412109375 0.3212890625 0.07177734375 0.14501953125
6 0.3646240234375 0.3148193359375 0.080810546875 0.171630859375
6 0.3626708984375 0.1202392578125 0.078369140625 0.110595703125
1 0.48583984375 0.3106689453125 0.03662109375 0.117431640625
2 0.56298828125 0.3135986328125 0.0947265625 0.117431640625
3 0.6514892578125 0.3231201171875 0.068603515625 0.135009765625
0 0.712890625 0.3128662109375 0.0390625 0.114501953125
0 0.75048828125 0.3065185546875 0.0244140625 0.136474609375
0 0.797119140625 0.3114013671875 0.0244140625 0.113037109375
3 0.863525390625 0.32275390625 0.10205078125 0.13427734375
1 0.8726806640625 0.31201171875 0.050537109375 0.10986328125
3 0.9603271484375 0.3155517578125 0.079345703125 0.157958984375
0 0.0330810546875 0.571533203125 0.026611328125 0.07177734375
0 0.07763671875 0.574462890625 0.0244140625 0.0732421875
0 0.1116943359375 0.5731201171875 0.023681640625 0.067138671875
0 0.1402587890625 0.5543212890625 0.021240234375 0.106201171875
0 0.1646728515625 0.5623779296875 0.038330078125 0.120361328125
0 0.2528076171875 0.571533203125 0.023681640625 0.06396484375
2 0.2750244140625 0.503173828125 0.135009765625 0.06640625
0 0.330322265625 0.5745849609375 0.02294921875 0.065673828125
0 0.3592529296875 0.55517578125 0.019775390625 0.10595703125
0 0.3848876953125 0.5643310546875 0.035888671875 0.121337890625
3 0.3919677734375 0.5440673828125 0.054931640625 0.117431640625
3 0.4755859375 0.55322265625 0.09375 0.14794921875
3 0.5526123046875 0.543212890625 0.052490234375 0.12060546875
0 0.563720703125 0.566162109375 0.03955078125 0.12060546875
0 0.586181640625 0.5555419921875 0.02197265625 0.105224609375
0 0.616455078125 0.5745849609375 0.0244140625 0.062744140625
0 0.650634765625 0.57421875 0.02587890625 0.06494140625
2 0.6717529296875 0.507080078125 0.133544921875 0.0693359375
0 0.69482421875 0.57421875 0.0244140625 0.06494140625
3 0.77197265625 0.5478515625 0.0517578125 0.1220703125
0 0.783447265625 0.5657958984375 0.03515625 0.119873046875
0 0.80517578125 0.55810546875 0.0234375 0.1044921875
0 0.8333740234375 0.57763671875 0.023681640625 0.06884765625
0 0.8670654296875 0.5767822265625 0.025146484375 0.067138671875
0 0.9119873046875 0.57568359375 0.022216796875 0.06494140625
2 0.889404296875 0.5059814453125 0.13427734375 0.065673828125
0 0.97607421875 0.557373046875 0.0234375 0.107421875
0 0.0472412109375 0.744384765625 0.053466796875 0.07861328125
0 0.1029052734375 0.743896484375 0.039794921875 0.076171875
0 0.1417236328125 0.7869873046875 0.029052734375 0.160888671875
3 0.1715087890625 0.8065185546875 0.057861328125 0.160400390625
2 0.276123046875 0.846923828125 0.1328125 0.07763671875
0 0.2662353515625 0.7462158203125 0.054931640625 0.076416015625
0 0.32177734375 0.7449951171875 0.0380859375 0.072509765625
0 0.3612060546875 0.789306640625 0.023681640625 0.1640625
0 0.448486328125 0.7537841796875 0.02734375 0.093017578125
0 0.45849609375 0.7794189453125 0.03662109375 0.099853515625
0 0.4920654296875 0.7794189453125 0.041259765625 0.098388671875
0 0.4962158203125 0.756103515625 0.025146484375 0.0947265625
3 0.558349609375 0.8072509765625 0.06396484375 0.160400390625
0 0.62548828125 0.7442626953125 0.03515625 0.072509765625
0 0.6796875 0.7462158203125 0.056640625 0.076416015625
0 0.8056640625 0.7908935546875 0.0244140625 0.160888671875
0 0.8414306640625 0.74853515625 0.039794921875 0.07470703125
0 0.8992919921875 0.747802734375 0.054931640625 0.07177734375
0 0.9764404296875 0.7919921875 0.030517578125 0.16015625
3 0.1737060546875 0.5460205078125 0.052001953125 0.121337890625
2 0.276123046875 0.9344482421875 0.134765625 0.079833984375
2 0.673828125 0.9320068359375 0.1337890625 0.081298828125
2 0.8919677734375 0.934814453125 0.135498046875 0.08251953125
