0 0.0765380859375 0.130126953125 0.037353515625 0.08154296875
2 0.1077880859375 0.13134765625 0.038818359375 0.08544921875
2 0.201416015625 0.1302490234375 0.13427734375 0.084716796875
2 0.3291015625 0.1297607421875 0.1318359375 0.087158203125
0 0.4222412109375 0.1312255859375 0.035888671875 0.080810546875
0 0.4549560546875 0.132080078125 0.037353515625 0.08251953125
1 0.517578125 0.13330078125 0.04638671875 0.080078125
3 0.0919189453125 0.3411865234375 0.072509765625 0.141845703125
2 0.20361328125 0.3316650390625 0.13427734375 0.121337890625
2 0.330322265625 0.3338623046875 0.13427734375 0.127197265625
3 0.439697265625 0.3399658203125 0.0693359375 0.137939453125
1 0.518310546875 0.332275390625 0.04638671875 0.115234375
3 0.143310546875 0.56494140625 0.05322265625 0.11669921875
0 0.1531982421875 0.5833740234375 0.033447265625 0.121337890625
0 0.176513671875 0.57275390625 0.02197265625 0.1044921875
0 0.2061767578125 0.592041015625 0.025146484375 0.0625
0 0.2398681640625 0.594482421875 0.023681640625 0.0625
2 0.263916015625 0.525390625 0.13427734375 0.0693359375
0 0.287109375 0.5941162109375 0.0205078125 0.061767578125
0 0.176025390625 0.80615234375 0.0244140625 0.1640625
0 0.0517578125 0.7645263671875 0.056640625 0.082275390625
3 0.1483154296875 0.8262939453125 0.061767578125 0.163330078125
0 0.216552734375 0.76416015625 0.03955078125 0.0771484375
0 0.271484375 0.7667236328125 0.056640625 0.079345703125
2 0.2646484375 0.8682861328125 0.13427734375 0.082275390625
0 0.914306640625 0.7314453125 0.1669921875 0.02978515625
0 0.9150390625 0.765380859375 0.1669921875 0.0244140625
0 0.9146728515625 0.7984619140625 0.167724609375 0.025146484375
0 0.91650390625 0.8328857421875 0.1640625 0.023681640625
0 0.9154052734375 0.86376953125 0.166259765625 0.02587890625
0 0.9168701171875 0.8961181640625 0.166259765625 0.023681640625
0 0.9168701171875 0.9305419921875 0.163330078125 0.025146484375
0 0.9173583984375 0.9603271484375 0.162353515625 0.025146484375
1 0.74072265625 0.1365966796875 0.03662109375 0.259521484375
1 0.7852783203125 0.1346435546875 0.035888671875 0.255615234375
1 0.74609375 0.83740234375 0.03662109375 0.2373046875
1 0.7899169921875 0.8355712890625 0.035888671875 0.239501953125
6 0.2061767578125 0.0487060546875 0.374755859375 0.060302734375
6 0.514404296875 0.652099609375 0.248046875 0.37158203125
6 0.721923828125 0.5552978515625 0.12109375 0.173095703125
6 0.8367919921875 0.55517578125 0.082275390625 0.1748046875
5 0.61474609375 0.1051025390625 0.0244140625 0.186767578125
5 0.4862060546875 0.04296875 0.155029296875 0.03369140625
4 0.118408203125 0.2210693359375 0.0556640625 0.014404296875
4 0.416015625 0.223388671875 0.0556640625 0.017578125
0 0.700927734375 0.850830078125 0.0380859375 0.2958984375
2 0.2679443359375 0.955078125 0.130615234375 0.07861328125
