1 0.3779296875 0.095458984375 0.07568359375 0.0810546875
1 0.40771484375 0.07373046875 0.04052734375 0.080078125
1 0.4560546875 0.076416015625 0.0380859375 0.083984375
1 0.55029296875 0.0751953125 0.0419921875 0.080078125
2 0.6148681640625 0.07666015625 0.076416015625 0.080078125
2 0.7857666015625 0.06689453125 0.375244140625 0.1015625
1 0.0806884765625 0.4031982421875 0.044189453125 0.196044921875
1 0.1375732421875 0.4212646484375 0.040283203125 0.201416015625
0 0.1990966796875 0.474609375 0.031982421875 0.11279296875
2 0.2646484375 0.4525146484375 0.08251953125 0.140380859375
0 0.3275146484375 0.4605712890625 0.026611328125 0.119873046875
1 0.413818359375 0.43310546875 0.1015625 0.2158203125
1 0.5294189453125 0.4322509765625 0.091552734375 0.220458984375
2 0.4705810546875 0.4234619140625 0.113037109375 0.198486328125
1 0.6563720703125 0.443359375 0.046630859375 0.1630859375
0 0.6143798828125 0.46240234375 0.026611328125 0.11767578125
1 0.718505859375 0.473876953125 0.06103515625 0.10205078125
1 0.77734375 0.4425048828125 0.04443359375 0.163330078125
0 0.821533203125 0.463623046875 0.02734375 0.11669921875
1 0.9066162109375 0.4356689453125 0.098388671875 0.216552734375
1 0.939453125 0.42578125 0.06005859375 0.19677734375
1 0.0361328125 0.6676025390625 0.0419921875 0.090087890625
0 0.0960693359375 0.6641845703125 0.057861328125 0.086181640625
0 0.1163330078125 0.6839599609375 0.086181640625 0.084716796875
2 0.2440185546875 0.7103271484375 0.118896484375 0.174072265625
1 0.3333740234375 0.682861328125 0.042724609375 0.1220703125
0 0.4110107421875 0.65771484375 0.091552734375 0.10986328125
0 0.427978515625 0.6634521484375 0.0595703125 0.076904296875
0 0.5450439453125 0.6629638671875 0.060302734375 0.079345703125
1 0.603759765625 0.68603515625 0.04345703125 0.12353515625
2 0.67431640625 0.707763671875 0.083984375 0.16259765625
2 0.76513671875 0.7076416015625 0.07763671875 0.159423828125
1 0.8353271484375 0.6893310546875 0.045654296875 0.122802734375
0 0.8944091796875 0.669189453125 0.060302734375 0.083984375
0 0.888427734375 0.76220703125 0.04345703125 0.08544921875
5 0.1334228515625 0.123291015625 0.050537109375 0.13671875
5 0.1612548828125 0.146240234375 0.102783203125 0.25244140625
5 0.441650390625 0.19775390625 0.2958984375 0.02587890625
5 0.7158203125 0.1981201171875 0.21435546875 0.026611328125
5 0.345458984375 0.2637939453125 0.23486328125 0.026611328125
5 0.592529296875 0.263427734375 0.22119140625 0.02587890625
5 0.8314208984375 0.2637939453125 0.221435546875 0.023681640625
0 0.031494140625 0.47216796875 0.0419921875 0.09228515625
0 0.552978515625 0.76123046875 0.0380859375 0.0908203125
5 0.272216796875 0.86279296875 0.22265625 0.03125
5 0.5113525390625 0.8623046875 0.220458984375 0.02734375
5 0.7481689453125 0.863037109375 0.224365234375 0.02587890625
