2 0.894775390625 0.107666015625 0.13134765625 0.076171875
0 0.8021240234375 0.107666015625 0.037353515625 0.07763671875
1 0.708251953125 0.1103515625 0.044921875 0.07568359375
1 0.70751953125 0.307861328125 0.04345703125 0.1181640625
1 0.8955078125 0.315185546875 0.13427734375 0.125
6 0.77734375 0.6322021484375 0.11767578125 0.376220703125
6 0.66015625 0.7122802734375 0.115234375 0.197509765625
0 0.955078125 0.741943359375 0.0517578125 0.080078125
0 0.9425048828125 0.57080078125 0.025146484375 0.06103515625
0 0.9852294921875 0.56884765625 0.025146484375 0.06201171875
0 0.94482421875 0.579833984375 0.10595703125 0.08544921875
3 0.7872314453125 0.3206787109375 0.068603515625 0.140380859375
