6 0.1612548828125 0.1595458984375 0.101318359375 0.251708984375
5 0.18798828125 0.13427734375 0.05126953125 0.1357421875
6 0.246337890625 0.390380859375 0.16650390625 0.33984375
6 0.828125 0.3446044921875 0.2158203125 0.026611328125
1 0.314697265625 0.149658203125 0.080078125 0.119140625
2 0.4129638671875 0.1419677734375 0.072509765625 0.108154296875
0 0.4664306640625 0.149658203125 0.026611328125 0.12060546875
0 0.498046875 0.1514892578125 0.0244140625 0.124267578125
0 0.56103515625 0.154296875 0.025390625 0.1220703125
0 0.5968017578125 0.155029296875 0.023681640625 0.1220703125
0 0.65869140625 0.1572265625 0.02197265625 0.12646484375
0 0.6907958984375 0.155029296875 0.023681640625 0.1220703125
0 0.7529296875 0.1573486328125 0.02587890625 0.128173828125
0 0.7857666015625 0.1416015625 0.021240234375 0.0986328125
2 0.84033203125 0.150390625 0.0693359375 0.1162109375
2 0.9378662109375 0.1485595703125 0.109130859375 0.115478515625
2 0.057861328125 0.4586181640625 0.083984375 0.143310546875
0 0.125 0.477294921875 0.0322265625 0.107421875
0 0.17041015625 0.4932861328125 0.0390625 0.093994140625
0 0.2119140625 0.468505859375 0.02294921875 0.1298828125
3 0.605712890625 0.503662109375 0.076171875 0.09912109375
0 0.6484375 0.49560546875 0.02734375 0.07861328125
3 0.6998291015625 0.484130859375 0.060302734375 0.107421875
0 0.7486572265625 0.490234375 0.025146484375 0.09521484375
2 0.8299560546875 0.4654541015625 0.117431640625 0.141845703125
2 0.0826416015625 0.7198486328125 0.125732421875 0.173095703125
0 0.172607421875 0.6920166015625 0.0419921875 0.117431640625
0 0.2147216796875 0.7205810546875 0.026611328125 0.171630859375
6 0.3375244140625 0.72216796875 0.095458984375 0.22509765625
6 0.33544921875 0.4281005859375 0.09619140625 0.332763671875
0 0.474853515625 0.743896484375 0.06494140625 0.216796875
0 0.525146484375 0.6917724609375 0.02978515625 0.110595703125
0 0.570556640625 0.7108154296875 0.0517578125 0.145751953125
0 0.6212158203125 0.683349609375 0.037353515625 0.12890625
0 0.64990234375 0.6951904296875 0.02294921875 0.117431640625
0 0.6849365234375 0.6856689453125 0.036376953125 0.095458984375
0 0.74951171875 0.7108154296875 0.02685546875 0.145751953125
2 0.8292236328125 0.7386474609375 0.120361328125 0.199951171875
4 0.5479736328125 0.043701171875 0.057373046875 0.0166015625
4 0.643310546875 0.0426025390625 0.0556640625 0.012939453125
4 0.7059326171875 0.0440673828125 0.057373046875 0.014404296875
5 0.319580078125 0.866943359375 0.1220703125 0.03662109375
5 0.1302490234375 0.8714599609375 0.224365234375 0.030517578125
0 0.71240234375 0.6864013671875 0.03515625 0.098388671875
4 0.474365234375 0.744140625 0.04443359375 0.208984375
2 0.9427490234375 0.466796875 0.114501953125 0.14111328125
2 0.9561767578125 0.7357177734375 0.087646484375 0.198486328125
5 0.544921875 0.277099609375 0.296875 0.02587890625
5 0.82080078125 0.2767333984375 0.22119140625 0.022216796875
5 0.585693359375 0.3438720703125 0.23046875 0.023681640625
5 0.43505859375 0.458740234375 0.0283203125 0.25341796875
4 0.6048583984375 0.5858154296875 0.277587890625 0.012939453125
5 0.361083984375 0.9344482421875 0.36376953125 0.011474609375
5 0.745849609375 0.936279296875 0.3662109375 0.01513671875
