0 0.03955078125 0.118408203125 0.03662109375 0.06103515625
0 0.0689697265625 0.12109375 0.037353515625 0.06640625
1 0.1380615234375 0.1153564453125 0.056396484375 0.080810546875
6 0.2386474609375 0.3197021484375 0.117431640625 0.140380859375
6 0.2490234375 0.119140625 0.12451171875 0.1005859375
6 0.419921875 0.550537109375 0.08154296875 0.15625
6 0.662841796875 0.55126953125 0.0869140625 0.15185546875
6 0.42138671875 0.7626953125 0.08935546875 0.115234375
6 0.662841796875 0.7637939453125 0.08251953125 0.117431640625
3 0.350830078125 0.086669921875 0.07177734375 0.1474609375
0 0.41259765625 0.119140625 0.0380859375 0.0732421875
3 0.4615478515625 0.0985107421875 0.044189453125 0.118896484375
3 0.52294921875 0.0924072265625 0.0693359375 0.151123046875
3 0.6033935546875 0.0889892578125 0.067138671875 0.145751953125
0 0.6563720703125 0.1217041015625 0.026611328125 0.075439453125
3 0.701416015625 0.0877685546875 0.07421875 0.140380859375
3 0.765869140625 0.1019287109375 0.041015625 0.118408203125
0 0.80517578125 0.1202392578125 0.02685546875 0.078369140625
1 0.8443603515625 0.1171875 0.042724609375 0.08642578125
3 0.9080810546875 0.090087890625 0.072509765625 0.14501953125
3 0.0560302734375 0.318603515625 0.098388671875 0.15625
1 0.1417236328125 0.3251953125 0.057861328125 0.13427734375
1 0.3336181640625 0.3201904296875 0.038818359375 0.122802734375
1 0.3680419921875 0.322021484375 0.037353515625 0.125
0 0.41259765625 0.3040771484375 0.03515625 0.135009765625
0 0.451904296875 0.320068359375 0.02685546875 0.1181640625
0 0.4703369140625 0.3216552734375 0.023681640625 0.116943359375
1 0.5084228515625 0.3223876953125 0.040283203125 0.121337890625
1 0.5416259765625 0.32275390625 0.039794921875 0.1220703125
1 0.5858154296875 0.3223876953125 0.039794921875 0.119873046875
1 0.6201171875 0.323974609375 0.03662109375 0.12451171875
0 0.6590576171875 0.3211669921875 0.026123046875 0.115966796875
0 0.6903076171875 0.30712890625 0.029052734375 0.09228515625
0 0.699462890625 0.2987060546875 0.0458984375 0.110595703125
0 0.7254638671875 0.2945556640625 0.027587890625 0.102294921875
0 0.757568359375 0.318603515625 0.02587890625 0.10888671875
0 0.7750244140625 0.3173828125 0.021240234375 0.10986328125
0 0.80517578125 0.3182373046875 0.0205078125 0.113037109375
1 0.8460693359375 0.3209228515625 0.042724609375 0.113525390625
1 0.8936767578125 0.3204345703125 0.038818359375 0.117431640625
1 0.9268798828125 0.3216552734375 0.039794921875 0.121337890625
0 0.059326171875 0.5577392578125 0.02294921875 0.100830078125
0 0.0933837890625 0.557861328125 0.026611328125 0.09765625
0 0.1260986328125 0.578369140625 0.022216796875 0.0625
0 0.159423828125 0.5780029296875 0.02587890625 0.061767578125
0 0.206298828125 0.5792236328125 0.02197265625 0.065673828125
2 0.1932373046875 0.509033203125 0.156494140625 0.0625
0 0.2860107421875 0.5562744140625 0.022705078125 0.094482421875
0 0.31640625 0.571044921875 0.0244140625 0.06640625
0 0.3416748046875 0.5745849609375 0.034912109375 0.071533203125
3 0.529296875 0.559326171875 0.08544921875 0.138671875
0 0.5938720703125 0.5501708984375 0.028076171875 0.123779296875
3 0.7384033203125 0.566162109375 0.039794921875 0.09765625
3 0.783447265625 0.5657958984375 0.041015625 0.095458984375
0 0.8199462890625 0.577392578125 0.021240234375 0.06494140625
1 0.883056640625 0.567626953125 0.052734375 0.09765625
3 0.9725341796875 0.5494384765625 0.054931640625 0.129638671875
0 0.061279296875 0.79248046875 0.0283203125 0.1640625
0 0.0948486328125 0.7935791015625 0.022216796875 0.163330078125
0 0.1326904296875 0.7503662109375 0.042724609375 0.073974609375
0 0.19091796875 0.7530517578125 0.0556640625 0.077880859375
0 0.232177734375 0.741943359375 0.0390625 0.10302734375
2 0.192138671875 0.853759765625 0.154296875 0.07470703125
2 0.1876220703125 0.93701171875 0.141845703125 0.076171875
0 0.2890625 0.8026123046875 0.0244140625 0.178466796875
3 0.3321533203125 0.7943115234375 0.060302734375 0.163330078125
0 0.5201416015625 0.7523193359375 0.041259765625 0.113037109375
0 0.5052490234375 0.7828369140625 0.035888671875 0.095947265625
0 0.5518798828125 0.7523193359375 0.038818359375 0.113037109375
1 0.5865478515625 0.7725830078125 0.041259765625 0.118408203125
0 0.72705078125 0.76220703125 0.02587890625 0.09765625
0 0.7452392578125 0.7633056640625 0.021240234375 0.098388671875
0 0.7742919921875 0.7626953125 0.026123046875 0.0908203125
0 0.79150390625 0.760009765625 0.0205078125 0.083984375
3 0.8292236328125 0.787109375 0.039794921875 0.142578125
1 0.8798828125 0.8004150390625 0.044921875 0.169189453125
1 0.9642333984375 0.7672119140625 0.039794921875 0.106201171875
0 0.8370361328125 0.578125 0.023681640625 0.072265625
4 0.9287109375 0.898193359375 0.14111328125 0.01513671875
4 0.390869140625 0.2088623046875 0.1640625 0.019287109375
4 0.723388671875 0.2103271484375 0.05712890625 0.012939453125
4 0.7978515625 0.211181640625 0.07470703125 0.017578125
6 0.4259033203125 0.9193115234375 0.073974609375 0.161376953125
