0 0.04150390625 0.1373291015625 0.0556640625 0.077880859375
0 0.0975341796875 0.1378173828125 0.034912109375 0.072509765625
0 0.135009765625 0.09619140625 0.02294921875 0.16650390625
2 0.26806640625 0.038330078125 0.13330078125 0.0732421875
0 0.2608642578125 0.1412353515625 0.054931640625 0.077880859375
0 0.31689453125 0.1400146484375 0.03564453125 0.075439453125
0 0.354248046875 0.0970458984375 0.0205078125 0.164794921875
0 0.4439697265625 0.133544921875 0.021240234375 0.09912109375
0 0.4500732421875 0.1080322265625 0.042724609375 0.099853515625
0 0.483642578125 0.1080322265625 0.03515625 0.101318359375
0 0.4915771484375 0.13134765625 0.022216796875 0.0947265625
3 0.5511474609375 0.0791015625 0.058837890625 0.15771484375
0 0.581298828125 0.0985107421875 0.021484375 0.164794921875
0 0.6190185546875 0.1397705078125 0.038818359375 0.077880859375
0 0.6766357421875 0.14697265625 0.052001953125 0.09228515625
2 0.66552734375 0.0401611328125 0.13037109375 0.079833984375
2 0.8836669921875 0.0382080078125 0.135009765625 0.074951171875
0 0.9710693359375 0.097412109375 0.021240234375 0.1640625
0 0.0244140625 0.3079833984375 0.0244140625 0.061767578125
0 0.0718994140625 0.311767578125 0.025146484375 0.06787109375
0 0.1055908203125 0.3094482421875 0.022216796875 0.064697265625
0 0.136474609375 0.3330078125 0.02294921875 0.1044921875
0 0.16162109375 0.320556640625 0.03955078125 0.119140625
0 0.24560546875 0.309814453125 0.021484375 0.0654296875
0 0.2933349609375 0.311767578125 0.023681640625 0.06494140625
0 0.32373046875 0.314453125 0.02197265625 0.07177734375
0 0.354736328125 0.33154296875 0.0244140625 0.1015625
0 0.3770751953125 0.32275390625 0.037353515625 0.119140625
3 0.5491943359375 0.339599609375 0.057861328125 0.11767578125
0 0.5576171875 0.3258056640625 0.0380859375 0.118896484375
0 0.61181640625 0.3128662109375 0.0244140625 0.067138671875
0 0.6448974609375 0.311767578125 0.022216796875 0.06494140625
2 0.6671142578125 0.3800048828125 0.137939453125 0.057861328125
0 0.6904296875 0.3167724609375 0.02587890625 0.068603515625
3 0.769287109375 0.343017578125 0.052734375 0.123046875
0 0.7777099609375 0.3243408203125 0.040283203125 0.115966796875
0 0.799072265625 0.332763671875 0.0205078125 0.10693359375
0 0.82958984375 0.3135986328125 0.0234375 0.064208984375
0 0.8612060546875 0.3125 0.029052734375 0.06494140625
0 0.9073486328125 0.3128662109375 0.023681640625 0.065673828125
0 0.8369140625 0.1412353515625 0.0380859375 0.074951171875
0 0.892578125 0.1416015625 0.05029296875 0.080078125
0 0.797119140625 0.096923828125 0.021484375 0.16162109375
0 0.1368408203125 0.4970703125 0.022216796875 0.10302734375
0 0.1070556640625 0.5177001953125 0.022216796875 0.064697265625
0 0.028076171875 0.5166015625 0.02587890625 0.06396484375
0 0.073974609375 0.5181884765625 0.02294921875 0.068603515625
3 0.1700439453125 0.4918212890625 0.053466796875 0.119873046875
0 0.24853515625 0.5181884765625 0.0244140625 0.065673828125
0 0.293212890625 0.5189208984375 0.02685546875 0.065673828125
0 0.326416015625 0.5196533203125 0.02734375 0.064208984375
0 0.357666015625 0.4993896484375 0.021484375 0.101318359375
2 0.27001953125 0.447998046875 0.13720703125 0.07177734375
0 0.5594482421875 0.5078125 0.034423828125 0.1259765625
0 0.582763671875 0.4986572265625 0.021484375 0.106201171875
0 0.61328125 0.521484375 0.02587890625 0.06640625
0 0.646484375 0.5189208984375 0.025390625 0.064208984375
0 0.6915283203125 0.5189208984375 0.025146484375 0.065673828125
2 0.66748046875 0.451416015625 0.13427734375 0.06640625
0 0.8013916015625 0.5013427734375 0.023681640625 0.103759765625
0 0.830078125 0.5189208984375 0.0244140625 0.064208984375
0 0.8631591796875 0.52001953125 0.025146484375 0.07080078125
0 0.908447265625 0.5203857421875 0.0244140625 0.065673828125
0 0.97119140625 0.4998779296875 0.02587890625 0.102294921875
0 0.04150390625 0.6859130859375 0.0556640625 0.076416015625
0 0.099853515625 0.6912841796875 0.041015625 0.082275390625
0 0.13916015625 0.732177734375 0.02197265625 0.16259765625
0 0.261962890625 0.691650390625 0.0556640625 0.08154296875
0 0.31884765625 0.691650390625 0.0380859375 0.0771484375
0 0.3572998046875 0.7340087890625 0.022216796875 0.161865234375
0 0.4473876953125 0.700439453125 0.026611328125 0.09619140625
0 0.493896484375 0.70166015625 0.01904296875 0.10302734375
0 0.4881591796875 0.7225341796875 0.038330078125 0.100830078125
0 0.455322265625 0.7244873046875 0.03662109375 0.102783203125
0 0.584716796875 0.73486328125 0.02197265625 0.1708984375
0 0.621337890625 0.6920166015625 0.0390625 0.077880859375
0 0.6781005859375 0.6932373046875 0.054931640625 0.084716796875
0 0.80029296875 0.73583984375 0.02294921875 0.16552734375
0 0.8402099609375 0.6947021484375 0.038818359375 0.083251953125
0 0.8956298828125 0.691650390625 0.054931640625 0.0771484375
0 0.9730224609375 0.7352294921875 0.025146484375 0.160888671875
2 0.2711181640625 0.8778076171875 0.133544921875 0.076904296875
3 0.384765625 0.9185791015625 0.05859375 0.154052734375
0 0.4537353515625 0.9495849609375 0.042724609375 0.098388671875
0 0.4888916015625 0.949951171875 0.042724609375 0.09912109375
2 0.6700439453125 0.880126953125 0.135009765625 0.0830078125
2 0.8890380859375 0.8770751953125 0.135009765625 0.084716796875
2 0.886474609375 0.79736328125 0.1357421875 0.0810546875
2 0.6708984375 0.7957763671875 0.13671875 0.080810546875
2 0.2725830078125 0.7939453125 0.133544921875 0.07861328125
3 0.4693603515625 0.49462890625 0.098388671875 0.1572265625
3 0.4691162109375 0.3382568359375 0.091552734375 0.163330078125
4 0.02001953125 0.600341796875 0.0390625 0.017578125
4 0.1212158203125 0.6014404296875 0.115966796875 0.015380859375
4 0.2412109375 0.6002197265625 0.04345703125 0.012939453125
4 0.3438720703125 0.601806640625 0.120361328125 0.017578125
4 0.6025390625 0.603271484375 0.11767578125 0.01904296875
4 0.701416015625 0.6025390625 0.04345703125 0.0146484375
4 0.81689453125 0.6036376953125 0.11767578125 0.018310546875
4 0.91796875 0.60400390625 0.04052734375 0.01611328125
4 0.02001953125 0.2279052734375 0.0390625 0.012939453125
4 0.11962890625 0.226806640625 0.119140625 0.013671875
4 0.2386474609375 0.22900390625 0.041259765625 0.013671875
4 0.3388671875 0.22900390625 0.115234375 0.01220703125
4 0.5980224609375 0.23095703125 0.114501953125 0.0146484375
4 0.6982421875 0.230712890625 0.04052734375 0.01220703125
4 0.8172607421875 0.2305908203125 0.119873046875 0.016845703125
4 0.9149169921875 0.230224609375 0.038818359375 0.01123046875
3 0.16650390625 0.7513427734375 0.05859375 0.159423828125
3 0.1676025390625 0.918701171875 0.057861328125 0.16015625
3 0.774658203125 0.921630859375 0.05419921875 0.15673828125
3 0.555908203125 0.7547607421875 0.06103515625 0.161865234375
3 0.55712890625 0.919921875 0.06201171875 0.15625
