1 0.4053955078125 0.457763671875 0.059814453125 0.12158203125
1 0.4508056640625 0.4710693359375 0.043701171875 0.099365234375
2 0.288818359375 0.4542236328125 0.16162109375 0.127197265625
0 0.6402587890625 0.141845703125 0.026123046875 0.12548828125
0 0.6728515625 0.1414794921875 0.02392578125 0.129638671875
0 0.734375 0.1439208984375 0.02978515625 0.126220703125
0 0.7664794921875 0.1444091796875 0.026123046875 0.127197265625
2 0.82275390625 0.1307373046875 0.07275390625 0.104736328125
1 0.9193115234375 0.1390380859375 0.077392578125 0.117431640625
5 0.6082763671875 0.2628173828125 0.242431640625 0.025634765625
5 0.7625732421875 0.4158935546875 0.037353515625 0.328369140625
5 0.6932373046875 0.4453125 0.026123046875 0.255859375
1 0.540771484375 0.453125 0.11572265625 0.09814453125
1 0.601318359375 0.4720458984375 0.06005859375 0.098876953125
1 0.5072021484375 0.482177734375 0.114501953125 0.119140625
0 0.859130859375 0.4586181640625 0.02685546875 0.130126953125
0 0.9000244140625 0.4815673828125 0.044677734375 0.081787109375
0 0.9482421875 0.473388671875 0.04248046875 0.0947265625
0 0.9859619140625 0.4013671875 0.028076171875 0.20068359375
0 0.1888427734375 0.69140625 0.032470703125 0.150390625
2 0.2906494140625 0.705078125 0.157958984375 0.1767578125
1 0.4007568359375 0.692626953125 0.042236328125 0.150390625
1 0.4957275390625 0.66845703125 0.059326171875 0.09765625
1 0.54931640625 0.668701171875 0.05810546875 0.0947265625
6 0.6551513671875 0.720703125 0.108154296875 0.216796875
0 0.858154296875 0.7091064453125 0.02734375 0.178955078125
0 0.900146484375 0.68115234375 0.0390625 0.1220703125
1 0.9500732421875 0.6705322265625 0.042236328125 0.095947265625
5 0.2535400390625 0.9281005859375 0.083251953125 0.035888671875
6 0.3721923828125 0.9228515625 0.080810546875 0.0634765625
5 0.7852783203125 0.918701171875 0.365478515625 0.02294921875
5 0.76416015625 0.7093505859375 0.03662109375 0.220458984375
5 0.5147705078125 0.328369140625 0.296142578125 0.0244140625
5 0.3580322265625 0.2607421875 0.223388671875 0.02197265625
5 0.1195068359375 0.2603759765625 0.224365234375 0.019775390625
0 0.577392578125 0.140625 0.02294921875 0.12353515625
0 0.544921875 0.14013671875 0.025390625 0.1181640625
0 0.4830322265625 0.141357421875 0.025146484375 0.11767578125
2 0.3946533203125 0.1363525390625 0.073974609375 0.119873046875
1 0.2149658203125 0.1199951171875 0.044189453125 0.082275390625
0 0.1737060546875 0.1378173828125 0.027587890625 0.121337890625
0 0.0963134765625 0.7208251953125 0.032958984375 0.198974609375
0 0.1412353515625 0.6920166015625 0.043701171875 0.148193359375
