1 0.435546875 0.1746826171875 0.03515625 0.238037109375
1 0.47900390625 0.173583984375 0.03662109375 0.23876953125
1 0.483642578125 0.4334716796875 0.03369140625 0.240966796875
1 0.4373779296875 0.431884765625 0.034423828125 0.236328125
1 0.440185546875 0.6943359375 0.03515625 0.2412109375
1 0.4840087890625 0.6934814453125 0.034423828125 0.238037109375
6 0.78076171875 0.4971923828125 0.1015625 0.366943359375
6 0.654541015625 0.4959716796875 0.12060546875 0.367919921875
0 0.949462890625 0.136962890625 0.0556640625 0.0771484375
0 0.935302734375 0.30712890625 0.0244140625 0.07080078125
0 0.9794921875 0.3087158203125 0.02734375 0.063232421875
0 0.93603515625 0.5142822265625 0.02587890625 0.064208984375
0 0.9818115234375 0.5142822265625 0.021240234375 0.064208984375
0 0.9505615234375 0.68603515625 0.054931640625 0.07470703125
6 0.6561279296875 0.150634765625 0.126220703125 0.296875
6 0.776611328125 0.150146484375 0.09765625 0.29931640625
6 0.65771484375 0.8455810546875 0.12109375 0.302490234375
6 0.7691650390625 0.8482666015625 0.070068359375 0.301513671875
4 0.929443359375 0.6002197265625 0.04052734375 0.015869140625
0 0.3092041015625 0.233642578125 0.171630859375 0.02294921875
0 0.311767578125 0.59033203125 0.1708984375 0.02685546875
0 0.3106689453125 0.723388671875 0.170166015625 0.0244140625
0 0.3138427734375 0.9168701171875 0.171630859375 0.020751953125
0 0.310302734375 0.396240234375 0.1708984375 0.02294921875
0 0.310791015625 0.134521484375 0.16552734375 0.0244140625
