0 0.0777587890625 0.2757568359375 0.036865234375 0.118408203125
0 0.100341796875 0.2843017578125 0.02001953125 0.108642578125
0 0.132080078125 0.2662353515625 0.0244140625 0.069580078125
0 0.1649169921875 0.2640380859375 0.023681640625 0.069580078125
0 0.2108154296875 0.2666015625 0.026611328125 0.0673828125
0 0.3084716796875 0.265869140625 0.023681640625 0.0732421875
0 0.3551025390625 0.268798828125 0.023681640625 0.0673828125
0 0.3876953125 0.26806640625 0.0234375 0.0615234375
0 0.4173583984375 0.28759765625 0.022216796875 0.10205078125
0 0.5260009765625 0.2666015625 0.023681640625 0.06591796875
0 0.5718994140625 0.267578125 0.022216796875 0.060546875
0 0.60546875 0.2664794921875 0.02294921875 0.062744140625
0 0.6363525390625 0.28759765625 0.020751953125 0.10205078125
0 0.8382568359375 0.2808837890625 0.036865234375 0.119873046875
0 0.860107421875 0.288818359375 0.0244140625 0.11767578125
0 0.89111328125 0.26806640625 0.02294921875 0.0673828125
0 0.924072265625 0.268798828125 0.02685546875 0.06298828125
0 0.968017578125 0.2698974609375 0.02587890625 0.063720703125
5 0.348876953125 0.8662109375 0.36865234375 0.0244140625
5 0.609375 0.8653564453125 0.12060546875 0.022705078125
4 0.6177978515625 0.1851806640625 0.117431640625 0.014404296875
3 0.69873046875 0.7935791015625 0.07177734375 0.138916015625
3 0.432861328125 0.7813720703125 0.04345703125 0.117431640625
