4 0.1844482421875 0.6739501953125 0.297607421875 0.016845703125
4 0.43505859375 0.6761474609375 0.06005859375 0.013916015625
6 0.58544921875 0.767333984375 0.0908203125 0.36376953125
6 0.50830078125 0.37939453125 0.248046875 0.37548828125
3 0.2293701171875 0.5380859375 0.091552734375 0.17529296875
0 0.2401123046875 0.7960205078125 0.026123046875 0.152587890625
3 0.119140625 0.78515625 0.044921875 0.13427734375
3 0.029052734375 0.7711181640625 0.0576171875 0.099853515625
3 0.46484375 0.5517578125 0.0634765625 0.1435546875
1 0.73681640625 0.59912109375 0.03515625 0.23974609375
0 0.90625 0.46484375 0.1708984375 0.0244140625
