0 0.9093017578125 0.32568359375 0.171630859375 0.02587890625
0 0.911865234375 0.3582763671875 0.17236328125 0.027587890625
0 0.9114990234375 0.03271484375 0.164306640625 0.0244140625
0 0.91259765625 0.063720703125 0.17236328125 0.0244140625
0 0.9114990234375 0.097900390625 0.171630859375 0.02734375
0 0.908203125 0.12890625 0.173828125 0.02294921875
0 0.9100341796875 0.161376953125 0.170166015625 0.02294921875
2 0.25634765625 0.0567626953125 0.13525390625 0.078369140625
0 0.2091064453125 0.1588134765625 0.040771484375 0.075439453125
0 0.2667236328125 0.1611328125 0.049560546875 0.080078125
0 0.2344970703125 0.330810546875 0.023681640625 0.06884765625
0 0.2803955078125 0.3331298828125 0.025146484375 0.065673828125
0 0.061767578125 0.330078125 0.02587890625 0.0673828125
0 0.0126953125 0.326416015625 0.02490234375 0.064453125
0 0.0155029296875 0.5369873046875 0.028076171875 0.062255859375
0 0.0628662109375 0.5355224609375 0.022216796875 0.065185546875
0 0.1490478515625 0.5306396484375 0.036376953125 0.126708984375
0 0.17431640625 0.51806640625 0.021484375 0.10888671875
0 0.2359619140625 0.5380859375 0.025146484375 0.0673828125
0 0.2042236328125 0.53662109375 0.022216796875 0.064453125
0 0.2833251953125 0.53955078125 0.022216796875 0.0615234375
0 0.1739501953125 0.754150390625 0.023681640625 0.16650390625
0 0.2138671875 0.7108154296875 0.03857421875 0.078369140625
0 0.2681884765625 0.71044921875 0.053955078125 0.0791015625
2 0.2608642578125 0.814697265625 0.134033203125 0.076171875
2 0.2615966796875 0.898681640625 0.134033203125 0.0830078125
0 0.910400390625 0.2276611328125 0.173828125 0.026611328125
0 0.9114990234375 0.2608642578125 0.171630859375 0.025146484375
0 0.9114990234375 0.2921142578125 0.174560546875 0.022216796875
1 0.7379150390625 0.2000732421875 0.035888671875 0.240966796875
1 0.7806396484375 0.2005615234375 0.035888671875 0.243408203125
1 0.7398681640625 0.462158203125 0.034912109375 0.240234375
1 0.782470703125 0.45947265625 0.03662109375 0.244140625
1 0.7418212890625 0.7227783203125 0.037353515625 0.238037109375
1 0.7860107421875 0.7215576171875 0.037353515625 0.239013671875
4 0.073486328125 0.6201171875 0.044921875 0.01611328125
4 0.190185546875 0.622314453125 0.115234375 0.01904296875
4 0.2935791015625 0.620849609375 0.044189453125 0.0146484375
4 0.0692138671875 0.2481689453125 0.042724609375 0.015380859375
4 0.1875 0.24853515625 0.119140625 0.01318359375
4 0.2896728515625 0.24853515625 0.042724609375 0.0146484375
